homography H of images2
    0.9674    0.0759   37.4075
    0.0158   -0.8811  230.5866
    0.0000    0.0002    0.5583

homography H of images9
    1.0798    0.0252   66.1418
    0.1371   -0.9445  210.8582
    0.0005    0.0001    0.4973

homography H of images12
    0.7106    0.0493   64.0913
   -0.1700   -0.8908  247.5685
   -0.0005    0.0002    0.6283

homography H of images20
    0.8764    0.2626   64.3542
   -0.0025   -0.4090  141.8833
    0.0000    0.0008    0.5067

V=
    0.0734   -0.8512   -0.0139    0.0002    0.0000    0.0000
    0.9301    0.1643   -0.7761   -0.0000    0.0003   -0.0000
    0.0272   -1.0164   -0.1295    0.0001   -0.0004    0.0000
    1.1653    0.3437   -0.8733    0.0010    0.0003    0.0000
    0.0351   -0.6415    0.1514    0.0001    0.0004   -0.0000
    0.5026   -0.1537   -0.7647   -0.0008    0.0005    0.0000
    0.2301   -0.3591    0.0010    0.0007   -0.0000    0.0000
    0.6990    0.2104   -0.1673   -0.0004    0.0007   -0.0000

 matrix B =
    0.0000   -0.0000   -0.0005
   -0.0000    0.0000   -0.0003
   -0.0005   -0.0003    1.0000

lambda =
    0.7796

alpha =
  735.3746

beta =
  716.8401

gamma =
    1.2665

v0 =
  224.3076

u0 =
  195.0031

K =
  735.3746    1.2665  195.0031
         0  716.8401  224.3076
         0         0    1.0000

t1 =
  -74.3517
  112.1455
  426.0394

R1 =
    0.9999    0.0410    0.0048
    0.0160   -0.9879   -0.1497
    0.0024    0.1498   -0.9884

R1T*R1=
    1.0000    0.0255   -0.0000
    0.0255    1.0000         0
   -0.0000         0    0.9993

t2 =
  -30.3159
   99.5959
  357.5215

R2 =
    0.9406    0.0045    0.3396
    0.0283   -0.9964   -0.0781
    0.3384    0.0847   -0.9373

R2T*R2=
    1.0000    0.0047   -0.0000
    0.0047    1.0000   -0.0000
   -0.0000   -0.0000    1.0000

t3 =
  -62.8519
  117.2660
  495.3725

R3 =
    0.9000    0.0178   -0.4358
   -0.0575   -0.9910   -0.1269
   -0.4321    0.1325   -0.8909

R3T*R3=
    1.0000    0.0158    0.0000
    0.0158    1.0000         0
    0.0000         0    0.9997

t4 =
  -39.5402
   33.1715
  426.9640

R4 =
    0.9996    0.1144    0.0109
   -0.0114   -0.7001   -0.7015
    0.0270    0.7049   -0.6985

R4T*R4=
    1.0000    0.1414   -0.0000
    0.1414    1.0000         0
   -0.0000         0    0.9800

R1_new =
    0.9996    0.0282    0.0048
    0.0286   -0.9883   -0.1497
    0.0005    0.1498   -0.9887

(R1_new)T*R1_new=
    1.0000    0.0000    0.0000
    0.0000    1.0000   -0.0000
    0.0000   -0.0000    1.0000

R2_new =
    0.9406    0.0023    0.3396
    0.0306   -0.9965   -0.0781
    0.3382    0.0839   -0.9373

(R2_new)T*R2_new=
    1.0000   -0.0000    0.0000
   -0.0000    1.0000   -0.0000
    0.0000   -0.0000    1.0000

R3_new =
    0.8999    0.0107   -0.4359
   -0.0497   -0.9907   -0.1269
   -0.4332    0.1359   -0.8910

(R3_new)T*R3_new=
    1.0000    0.0000    0.0000
    0.0000    1.0000   -0.0000
    0.0000   -0.0000    1.0000

R4_new =
    0.9990    0.0437    0.0110
    0.0386   -0.7046   -0.7086
   -0.0232    0.7083   -0.7055

(R4_new)T*R4_new=
    1.0000   -0.0000   -0.0000
   -0.0000    1.0000         0
   -0.0000         0    1.0000

H1_correct =
   -0.9702   -0.0884  -35.1004
   -0.0175    0.8906 -230.1412
   -0.0000   -0.0002   -0.5554

H2_correct =
   -1.0992   -0.0389  -63.0858
   -0.1489    0.9467 -208.3384
   -0.0005   -0.0001   -0.4906

H3_correct =
    0.7135    0.0517   63.8522
   -0.1776   -0.9020  248.8635
   -0.0005    0.0002    0.6306

H4_correct =
    0.8525    0.2662   63.4735
   -0.0069   -0.4022  139.6967
    0.0000    0.0008    0.5041

V=
    0.0858   -0.8625   -0.0156    0.0002    0.0000    0.0000
    0.9334    0.1915   -0.7929   -0.0000    0.0004   -0.0000
    0.0427   -1.0348   -0.1410    0.0002   -0.0005    0.0000
    1.2068    0.4010   -0.8740    0.0011    0.0004    0.0000
    0.0369   -0.6528    0.1602    0.0001    0.0005   -0.0000
    0.5064   -0.1601   -0.7821   -0.0008    0.0005    0.0000
    0.2269   -0.3447    0.0028    0.0007   -0.0000    0.0000
    0.6559    0.2024   -0.1617   -0.0004    0.0007   -0.0000

 matrix B =
   -0.0000   -0.0000    0.0005
   -0.0000   -0.0000    0.0003
    0.0005    0.0003   -1.0000

lambda =
   -0.7682

alpha =
  730.2139

beta =
  716.4292

gamma =
   -1.4464

v0 =
  230.0118

u0 =
  172.4197

K =
  730.2139   -1.4464  172.4197
         0  716.4292  230.0118
         0         0    1.0000

t1 =
   62.1462
 -107.2846
 -416.9093

R1 =
   -0.9998   -0.0490    0.0041
   -0.0181    0.9846   -0.1679
   -0.0010   -0.1680   -0.9853

R1T*R1=
    1.0000    0.0314    0.0000
    0.0314    1.0000   -0.0000
    0.0000   -0.0000    0.9990

t2 =
   20.4786
  -93.5520
 -344.2993

R2 =
   -0.9349   -0.0120    0.3548
   -0.0270    0.9944   -0.0936
   -0.3540   -0.1047   -0.9300

R2T*R2=
    1.0000    0.0215    0.0000
    0.0215    1.0000         0
    0.0000         0    0.9995

t3 =
  -47.9290
  113.5611
  494.1364

R3 =
    0.8979    0.0203   -0.4402
   -0.0617   -0.9911   -0.1272
   -0.4359    0.1318   -0.8886

R3T*R3=
    1.0000    0.0220         0
    0.0220    1.0000         0
         0         0    0.9995

t4 =
  -27.3755
   28.3055
  430.6425

R4 =
    0.9999    0.1442   -0.0039
   -0.0095   -0.7018   -0.6970
    0.0039    0.6976   -0.7004

R4T*R4=
    1.0000    0.1536   -0.0000
    0.1536    1.0000   -0.0000
   -0.0000   -0.0000    0.9764

R1_new =
   -0.9994   -0.0333    0.0041
   -0.0335    0.9852   -0.1680
    0.0016   -0.1681   -0.9858

(R1_new)T*R1_new=
    1.0000    0.0000    0.0000
    0.0000    1.0000    0.0000
    0.0000    0.0000    1.0000

R2_new =
   -0.9349   -0.0020    0.3549
   -0.0377    0.9949   -0.0937
   -0.3529   -0.1009   -0.9302

(R2_new)T*R2_new=
    1.0000    0.0000         0
    0.0000    1.0000   -0.0000
         0   -0.0000    1.0000

R3_new =
    0.8978    0.0105   -0.4403
   -0.0508   -0.9906   -0.1272
   -0.4375    0.1366   -0.8888

(R3_new)T*R3_new=
    1.0000         0    0.0000
         0    1.0000   -0.0000
    0.0000   -0.0000    1.0000

R4_new =
    0.9977    0.0675   -0.0039
    0.0451   -0.7074   -0.7054
   -0.0504    0.7036   -0.7088

(R4_new)T*R4_new=
    1.0000    0.0000   -0.0000
    0.0000    1.0000   -0.0000
   -0.0000   -0.0000    1.0000

error
   32.6138   33.3360   33.1560   27.5384

error_reprojection
   18.3734   20.1426   20.9566   17.7024

